12
Jl_Ganesha_Tengah
-6.8932080262242375 107.6104438646483
Jl_Ganesha_Barat
-6.893862447419398 107.60844786645244
PSTNT_Batan
-6.8885944268242465 107.60809581514792
Jl_Dayang_Sumbi
-6.88737709762237 107.6114562833061
Jl_Juanda
-6.887404556208068 107.61355369500218
Jl_Ganesha_Timur
-6.893755746377439 107.6129508222805
Angkringan_Narji
-6.894803037596001 107.61022928428314
Scoop_and_Skoops
-6.886819345538713 107.6133885945972
Gedung_CRCS
-6.887926701957486 107.61176338697865
Jl_IV_Timur
-6.889880635467217 107.61157162729022
Plaza_Widya_Nusantara
-6.889963010791021 107.61037771612914
Galaksi_Bima_Sakti
-6.1453124 106.8452543
0 1 0 0 0 1 1 0 0 0 1 0
1 0 1 0 0 0 0 0 0 0 0 0
0 1 0 1 0 0 0 0 0 0 0 0
0 0 1 0 1 0 0 0 1 1 0 0
0 0 0 1 0 1 0 1 0 0 0 0
1 0 0 0 1 0 0 0 0 0 0 0
1 0 0 0 0 0 0 0 0 0 0 0
0 0 0 0 1 0 0 0 0 0 0 0
0 0 0 1 0 0 0 0 0 0 0 0
0 0 0 1 0 0 0 0 0 0 1 0
1 0 0 0 0 0 0 0 0 1 0 0
0 0 0 0 0 0 0 0 0 0 0 0